Italian: 
   Baseline: 0.89385 
   Reference: 0.94239
Japanese: 
   Baseline: 0.86268 
   Reference: 0.91889

Submit 50/53: 
   Results for Italian:
   Correct: 10977
   Total: 11908
   Accuracy: 0.9218172657037286

   Results for Japanese:
   Correct: 10498
   Total: 11491
   Accuracy: 0.9135845444260726